
function out = chanGroupings


out.LMotorChans = [45 53 60 66 78 79 80];
out.COccChans   = [125 126 138 137];
out.LOccChans   = [123 124  115 116 117 107 108]; % this is LOS grouping
out.ROccChans   = [139 149 150 151 158 159 160];  % this is ROS grouping